    # 0. 准备数据
    # 训练数据
    in_data = [
        [165, 55],
        [160, 53],
        [175, 55],
        [163, 55],
        [173, 49],
        [163, 56],
        [180, 77],
        [155, 54],
        [176, 79],
        [161, 49],
        [180, 60],
        [168, 57],
        [172, 69],
        [166, 50],
        [172, 90],
        [163, 51],
        [175, 70],
        [164, 53],
        [160, 45],
        [160, 56],

        [182, 70],
        [180, 74],
        [185, 73],
        [165, 55],
        [185, 75],
        [175, 71],
        [181, 62],
        [180, 72],
        [175, 70],
        [165, 55],
    ]
    out_data = [
        [1, 0],
        [0, 1],
        [1, 0],
        [0, 1],
        [1, 0],
        [0, 1],
        [1, 0],
        [0, 1],
        [1, 0],
        [0, 1],
        [1, 0],
        [0, 1],
        [1, 0],
        [0, 1],
        [1, 0],
        [0, 1],
        [1, 0],
        [0, 1],
        [1, 0],
        [0, 1],

        [1, 0],
        [1, 0],
        [1, 0],
        [1, 0],
        [1, 0],
        [1, 0],
        [1, 0],
        [1, 0],
        [1, 0],
        [0, 1],
    ]

    # 测试数据
    in_test = [
        [175, 65],
        [170, 58],
        [162, 49],
        [182, 90],
        [160, 57]
    ]
    out_test = [
        [1, 0],
        [1, 0],
        [0, 1],
        [1, 0],
        [0, 1],
    ]
