
# 训练数据
# 输入：身高和体重
# 平均身高：170， 平均体重：65
 in_data = np.array([
        [177, 57],
        [165, 47],
        [173, 55],
        [163, 55],
        [175, 65],
        [161, 44],
        [174, 69],
        [160, 42],
        [170, 60],
        [160, 50],

        [173, 75],
        [173, 54],
        [175, 55],
        [166, 50],
        [176, 82],

        [180, 75],
        [175, 70],
        [173, 72],
        [170, 82],
        [166, 50],

        [173, 62],
        [160, 50],
        [180, 72]
    ])
    # 输出：性别
    out_data = np.array([
        [1, 0],
        [0, 1],
        [1, 0],
        [0, 1],
        [1, 0],
        [0, 1],
        [1, 0],
        [0, 1],
        [1, 0],
        [0, 1],
        [1, 0],
        [1, 0],
        [1, 0],
        [0, 1],
        [1, 0],
        [1, 0],
        [1, 0],
        [1, 0],
        [1, 0],
        [0, 1],
        [1, 0],
        [0, 1],
        [1, 0]
    ])

  # 测试数据
    # 测试输入数据
    test_in = np.array([
        [185, 60],
        [162, 55],
        [175, 75],
        [162, 60],
        [173, 71],
        [155, 50]
    ])
    # 测试输出数据
    test_out = np.array([
        [1, 0],
        [0, 1],
        [1, 0],
        [0, 1],
        [1, 0],
        [0, 1]
    ])
